*       4      8     16     24     32
4  N/A    0.046  0.0468 0.0492 0.0508
-  N/A    0.0248 0.0206 0.0164 0.0154
-  N/A    0.0228 0.0136 0.0094 0.0088
8  0.0452 0.0452 0.0462 0.046  0.0492
-  0.0282 0.0202 0.0132 0.0146 0.015
-  0.0238 0.0126 0.007  0.0076 0.0074
16 0.0654 0.0654 0.0694 0.0674 0.0842
-  0.0278 0.0182 0.0192 0.0194 0.0232
-  0.0148 0.007  0.007  0.0074 0.0082
24 0.112  0.1038 0.0974 0.1362 0.1172
-  0.0306 0.0272 0.0268 0.036  0.0312
-  0.0092 0.0074 0.0072 0.008  0.0072
32 0.1334 0.1522 0.1494 0.1494 0.1986
-  0.0322 0.0372 0.039  0.0396 0.0522
-  0.0086 0.0076 0.0072 0.0072 0.0088
